batch	B cell	CD4+ Tconv	CD4+ Treg	CD8+ Teff	CD8+ Texh	CD8+ Tmem	Mast	Mono/Mφ	NK	Neutrophil	Plasma cell	Tgd	cDC	pDC	"Recurrent
SCLC Cluster"	MHCI	MHCII	SCLC-A	SCLC-N	EMT	axongenesis
PleuralEffusion	0.3083247687564234	45.68345323741007	0.051387461459403906	0.20554984583761562	0.3083247687564234	9.558067831449128	0.0	0.7194244604316548	1.5416238437821173	0.0	0.0	37.15313463514902	2.158273381294964	2.3124357656731758	1.073	-0.5632511483685156	0.05387287812971373	0.8839405262315382	0.11445673546269597	0.6967298053171745	-0.005679105429123441
RU1065C	0.5858028945554791	29.97932460372157	3.066850447966919	1.9641626464507238	1.0337698139214335	39.90351481736733	0.0	8.68366643694004	6.995175740868366	6.995175740868366	0.0	0.03445899379738111	0.7580978635423846	0.0	2.825	-0.36292551996384187	0.010546622473107342	0.7689084313199017	0.17798645908681798	0.9601067247128254	-0.03740265651159887
RU1066	5.934718100890208	32.34421364985163	6.726013847675569	1.7804154302670623	1.2858555885262115	44.11473788328388	0.09891196834817012	3.758654797230465	1.8793273986152326	0.0	0.2967359050445104	0.19782393669634024	0.3956478733926805	1.1869436201780417	0.07200000000000001	0.33020897061010107	0.5514643474270238	0.8930820129853624	0.10298133481039212	0.9952486710535724	-0.0499810547768863
RU1080C	4.0650406504065035	27.371273712737125	2.9810298102981028	2.710027100271003	0.9485094850948509	19.37669376693767	0.13550135501355012	34.010840108401084	1.8970189701897018	4.0650406504065035	0.0	0.0	0.13550135501355012	2.303523035230352	0.034	-0.669292996876947	-0.12368243838954382	0.9734576034649522	0.025006320255767118	0.526115109514724	0.055781584995699914
RU1108a	0.0	3.4965034965034967	10.48951048951049	0.6993006993006993	2.097902097902098	16.783216783216783	0.0	35.66433566433567	30.76923076923077	0.0	0.0	0.0	0.0	0.0	0.018000000000000002	1.2836461498880516	-0.034389370312926645	0.9919281798029722	0.00794407504015906	0.36876973475684055	-0.10699975706144041
RU1124A_LN	4.6303818034118605	22.908204711616573	0.8123476848090982	6.9049553208773355	0.08123476848090982	9.017059301380991	0.487408610885459	5.930138099106418	5.767668562144598	42.64825345247766	0.0	0.0	0.7311129163281885	0.08123476848090982	0.7859999999999999	-0.6079138867713804	-0.05966150516193052	0.9571334284662745	0.0416629691948477	0.6745945214454092	-0.06386061537999983
RU1144_LN	39.96789727126806	16.53290529695024	1.9261637239165328	11.717495987158909	0.16051364365971107	10.914927768860354	0.16051364365971107	11.075441412520064	4.173354735152488	0.9630818619582664	0.16051364365971107	2.086677367576244	0.16051364365971107	0.0	0.0	-0.7196825818271565	0.07080711483820071	0.9512445784257014	0.04480627197283205	0.2903084022874438	0.10190052153876476
RU1144_T	3.932584269662921	28.08988764044944	8.426966292134832	3.3707865168539324	0.5617977528089888	20.224719101123593	6.741573033707865	13.48314606741573	2.8089887640449436	12.359550561797752	0.0	0.0	0.0	0.0	0.249	-0.6763805028080508	-0.025949814988854743	0.9346993665592717	0.06142423668701763	0.4610371331070543	0.11353908329076105
RU1145	4.615384615384616	21.53846153846154	7.863247863247863	1.3675213675213675	2.564102564102564	41.794871794871796	0.4273504273504274	5.555555555555555	10.76923076923077	0.0	0.4273504273504274	0.3418803418803419	1.0256410256410255	1.7094017094017095	0.028999999999999998	-0.039482094804132145	0.4397207913332714	0.9862353217594373	0.01215881208065585	0.658753399290232	-0.0019543182914623066
RU1152	0.945179584120983	32.70321361058601	1.5122873345935728	1.1342155009451798	1.5122873345935728	10.775047258979207	0.0	16.6351606805293	31.001890359168243	1.890359168241966	0.0	0.0	1.1342155009451798	0.7561436672967864	0.20199999999999999	-0.6895095072169737	-0.21294962146087004	0.9591637470039235	0.04018867488334129	1.4873738971743484	0.04558948217366016
RU1181C	0.8310249307479225	20.498614958448755	20.77562326869806	4.43213296398892	2.21606648199446	22.71468144044321	0.2770083102493075	17.72853185595568	8.310249307479225	0.0	0.0	0.0	2.21606648199446	0.0	0.0	0.12950427638014328	-0.06965685560208187	0.009769602394793851	0.9890893947234585	1.172535414147496	0.11002728255138525
RU1195A	0.15760441292356187	22.616233254531124	3.6249014972419227	3.309692671394799	33.8849487785658	9.141055949566587	0.3940110323089046	8.747044917257684	9.771473601260835	7.0133963750985036	0.0	0.0	0.6304176516942475	0.7092198581560284	11.6	-0.46513994494194744	0.07475193850411976	0.7708769445043473	0.22332501403053312	0.28826240618988763	0.03703672738893633
RU1215	0.0	71.16182572614107	0.8298755186721992	0.0	0.2074688796680498	9.12863070539419	0.0	11.825726141078837	4.771784232365145	0.0	1.0373443983402488	0.2074688796680498	0.8298755186721992	0.0	0.535	-0.7255877232487894	-0.14755448310458816	0.02353960651861419	0.9750099848949426	0.530177700320853	0.03800905418231487
RU1229A_Frozen	8.615384615384615	32.0	5.538461538461538	2.4615384615384617	3.076923076923077	28.615384615384613	0.3076923076923077	4.615384615384616	11.076923076923077	0.0	0.0	0.0	2.1538461538461537	1.5384615384615385	0.32	-0.722610319697208	-0.1071662954870056	0.9550059749062636	0.043266041901308595	0.7978928911241184	-0.018547916584565033
RU1231A	32.16783216783217	18.88111888111888	0.6993006993006993	0.0	0.0	7.6923076923076925	0.6993006993006993	28.671328671328673	9.79020979020979	0.0	0.0	0.6993006993006993	0.6993006993006993	0.0	0.02	-0.3942259988851673	-0.1315419081573096	0.02504006110828204	0.9737695532190307	0.6668719429255466	0.066798469875441
RU1293A	7.095343680709535	23.503325942350333	6.651884700665188	2.882483370288248	1.1086474501108647	12.195121951219512	0.4434589800443459	38.13747228381374	4.212860310421286	0.8869179600886918	0.8869179600886918	0.0	1.9955654101995564	0.0	0.035	-0.11020527425409546	-0.012719873222301715	0.015166601475300018	0.9837956550121492	0.3813580215358897	0.017204020338906504
RU1311A_T_1	3.0534351145038165	30.15267175572519	0.38167938931297707	0.38167938931297707	0.38167938931297707	8.396946564885496	0.7633587786259541	45.038167938931295	2.2900763358778624	6.488549618320611	0.0	0.0	2.6717557251908395	0.0	1.379	-0.3302657430482758	-0.061953257475172406	0.8814496651140493	0.09765424395776597	1.016645580428344	-0.022385447868965517
RU1322A_LN	33.33333333333333	22.666666666666664	12.0	1.3333333333333335	0.0	22.666666666666664	0.0	4.0	2.666666666666667	0.0	1.3333333333333335	0.0	0.0	0.0	0.032	-0.13441803189916093	0.0123717178780497	0.003859572236292815	0.0043994943156918055	0.9803556370109543	-0.0788376269754422
RU426B	6.422018348623854	16.972477064220186	8.256880733944955	0.6880733944954129	2.293577981651376	20.18348623853211	1.146788990825688	13.53211009174312	24.31192660550459	4.3577981651376145	0.0	0.0	1.3761467889908259	0.45871559633027525	1.892	-0.2858871444021471	-0.13384434357721986	0.8879809011923779	0.10411760921369197	0.7529822416734804	-0.03639920561507276
RU779D	0.04574565416285453	28.408051235132664	10.521500457456542	0.777676120768527	0.5489478499542544	49.13083257090577	0.0	3.9798719121683437	1.9213174748398902	4.483074107959744	0.04574565416285453	0.0	0.09149130832570906	0.04574565416285453	6.019	-0.32431837431481486	0.18962972624351856	0.29077595210015317	0.6938364083221136	0.8562389079962961	0.05532264929814814
